1543931978694848000
1543931978754255000
1543931978804863000
1543931978852014000
1543931978898563000
1543931978949687000
1543931979001795000
1543931979050791000
1543931979097862000
1543931979148048000
1543931979195277000
1543931979244749000
1543931979292976000
1543931979342588000
1543931979389677000
1543931979439241000
1543931979487592000
1543931979536198000
1543931979584765000
1543931979632671000
1543931979681264000
1543931979732472000
1543931979781664000
1543931979831546000
1543931979881244000
1543931979930047000
1543931979980212000
1543931980029598000
1543931980080590000
1543931980130069000
